10000
87996577
67949181
12885098
15383767
19654846
84030748
5275528
4726688
58016815
42950246
47101434
54751786
65404926
32259945
25208799
80284659
15667217
92752634
49831889
63900334
5332065
22262285
72460780
74135400
89649834
56746751
50984713
57893799
27894806
35204609
44721336
706348
32980131
88805145
5448964
86780096
13006236
90434270
35671453
77077691
28140063
76990187
93783453
81301867
43085148
22538567
8535419
56316291
70816721
40023559
81155258
17591590
98823895
69504309
74223497
20949066
80913394
35134554
18877791
9970319
79848842
2882485
89183974
24797302
62135844
83932276
31340249
23870118
25566079
82776750
59446849
69281260
15068156
45172805
87650228
48147144
41659960
93514636
20645882
90952716
44166314
39997430
9982673
20157754
8787586
95241375
8070663
41433697
18992837
62689639
36766090
73434700
87225494
58905194
224421
3891072
61754405
36782606
74975980
40895779
31652841
64764899
73262240
94913037
1253866
58780792
80236645
51801791
60165945
34325762
98659896
69322393
89781996
16064349
83110991
28191278
32561879
73908011
98630186
9317954
96601256
74783515
77083347
9842858
59882457
11060596
11145911
90107705
46565971
12944914
92171058
871029
63218273
68960056
97478409
87948448
69175597
22735365
39674112
21277846
26913915
56423555
44094802
84016037
69983835
86823438
45081131
30327520
84256436
13801687
48897552
56877281
19182360
81830330
64162487
32902777
12684150
73142332
41123707
85078327
77407253
6464633
60524937
44704983
10596622
64242064
96344246
4179232
51504470
27187077
79686482
70239905
8293899
99917593
45355149
87625689
97297683
5264385
6527936
1131959
95200561
23590739
79709624
89898798
53778566
38838562
12873143
86170118
3864198
92474872
17298482
16923891
38028113
59280391
40553800
53205225
19395738
47493273
54198967
41045768
20133144
14583862
57878950
16216023
22434217
40745010
83749833
94710823
90258981
99619309
36826015
58485841
96713747
66327785
53627676
99482407
59058654
32657421
2600319
18263318
99187117
24331493
13849415
23949335
85380011
16521473
99623438
56083970
1120811
99557665
35164544
22655665
85391096
48244788
5665221
90405223
3369
91599644
87796453
28992989
42943637
91423139
43856048
73074525
8942651
42757085
56720010
65101936
89643579
6411850
15992993
13890393
24047511
40781099
18273273
95252262
63414883
3214003
63398639
47664674
69599538
83734276
50119894
17517934
20000210
58120015
74755559
42549029
64686027
20357807
20764364
66810600
34382046
70030300
15184890
52480520
89678146
13017535
31322565
26395728
69788199
25557335
40690566
53567343
38395812
4564856
28574867
57843332
84821862
7209111
84915572
94227337
559802
98009547
52195971
30300243
55534975
83694810
24442805
68317952
42355281
5458601
6142830
14359087
40361359
53680631
22363665
68354334
41735133
34173425
74486314
81075831
49069986
60192311
56909123
26800430
97964129
1858964
93631025
24520330
32820551
48327661
34070948
60606954
65449157
86589332
40999662
35338592
46385014
60422695
68398874
9810519
79661377
76456392
83821246
4628792
78368578
20637247
88595812
93819503
93862786
42247622
97409307
9676513
65900579
47852670
32001832
92453124
39733359
93937963
90215984
84692698
3350715
11670305
1736405
40862765
31324588
70378269
10093082
43154272
28205239
37007314
91135290
30375588
31351387
71939869
26365352
86572205
49963518
65493932
98824108
19068170
41861380
74181979
18734117
32291879
62259640
33835318
90747735
29690074
88842182
63692213
95021199
69099276
23230384
52392282
15258746
50009121
72163587
90109461
12488551
71646072
51212243
98818190
52897622
25259886
10704155
96454709
96513780
62321192
6941739
94972674
46305097
75826313
68237100
83897371
42836877
45604239
58341540
14066132
79173098
1338209
13128416
84613913
85200027
37617443
75425166
81270379
40195399
95252080
72238660
32734434
4567588
21420828
27099930
74187481
92836256
64729706
60461199
91557686
28763327
13265386
47988242
27872038
66121313
6636518
24639056
6938067
78704998
35290769
91057981
33011368
60578796
19815371
36726692
50725391
4960410
71311773
5399277
70018251
19282597
41551178
67698221
91176123
62394482
11264106
81146009
67342029
5119397
76655155
58285339
80846682
83441832
71039707
98255886
51872523
21687350
52658951
88299795
37129478
87468896
57160472
25943009
88332620
96426576
21875354
38790133
81517038
29409654
85639530
73485294
25833836
36245804
73677980
71824108
19690249
29747475
34278112
83455953
97771709
94727710
65200319
86187996
49120727
79605994
1648168
23199744
14532218
51948778
10210222
95802520
42424621
49633546
64823447
90977547
9823976
3845763
47232416
32613213
15100614
10525283
71106390
64162784
75883083
42746345
96818731
49233706
78427756
13831261
12050753
76256320
91692947
41186904
56097091
61198205
67428664
91908612
93029941
8055670
6286726
47727510
71382033
20307251
16145083
16657253
20825877
46058889
4164981
86327902
10197737
31950701
23369961
47268692
18025392
32182040
77850386
29729717
71910167
58426726
95520310
3993232
8827690
99935456
62130500
74906038
1879867
704547
9152729
71391601
13339026
78120164
91937139
55712602
11448710
55213200
25370512
8380257
54167267
9542690
95133478
47680635
56342679
14923274
52613624
74781281
89545849
33099738
94472264
57657293
65709046
25854812
2687078
32793459
61203340
75382593
75562381
41771235
42170888
85044648
56233372
7572297
6163628
85349806
86581803
30170853
29682016
82316957
85695048
300570
12468208
11078985
2437401
98543504
30836189
67375940
32932498
57829208
54547217
65808470
73350723
20541184
60791348
17039501
45542656
18851312
66056452
40630622
66448738
25019461
53824539
40296106
69590661
55364047
66142464
40890859
2992565
22912227
66716772
7292249
35063838
52519662
23764446
62452525
9674166
21006391
68707554
34389509
58777456
43553755
3785030
74720590
35820961
736383
49515900
79651569
21004875
86441531
39010491
24480140
83307589
12154137
76592016
60273523
26498721
41044455
88092871
28058412
83952370
29715896
81326431
12002459
37340635
64031330
99442966
15313355
32962643
6046060
65501157
67602683
74968853
26542454
35617790
25450360
90989554
14752197
43226329
53421862
50427986
36214337
13770925
82235340
47638466
30534470
48085909
80591586
3706296
12389521
16540151
14144167
866745
68258201
60035080
80022266
50790844
7469061
88479150
16550827
17605705
62985879
13892447
3015976
1556056
87540851
84065030
56652766
76067154
53299280
94126410
42420100
90587487
87243857
61099709
75662232
89288168
84469642
98834934
25007273
86346968
32365477
9884402
91399528
97319620
51733218
51720151
24203541
59496246
61202945
2778885
55854667
82828637
16124673
3236096
62874756
18777452
92350810
56003630
27645619
85148330
17066978
58331746
39007455
66081602
21987657
39214524
14820966
59181460
89675999
37021087
72104078
88842632
30139066
31780327
86253663
8753210
83064711
41021810
52021737
95819715
20516230
16860713
68021831
77782925
29126392
40162065
77481562
78407604
82869977
51389132
23428846
50554581
50533353
61120231
47127125
52945726
41359421
41673841
31279503
19830260
53946539
71430101
31111883
3117922
76879711
21535492
13863445
82535918
24411290
38200633
8862795
51397032
27640459
96748659
18505857
83217149
43333623
13650227
89171474
97551199
12863407
49966219
39046170
65577116
28458618
16246106
19431572
1981189
91836004
74313790
76240073
24851684
26944058
51413041
56144595
34953214
49081678
69626519
13106468
36158270
19862432
30556960
65713900
95751278
52623215
86671133
43030293
12029922
62539448
45858326
40277829
61647418
35976987
56458890
39486923
5890675
83265042
55119137
60153643
99524178
5243076
99346288
43845272
21760018
7286
93187250
77946005
95594303
44061743
67511808
85467563
95307677
14434724
25179563
88575207
72449058
10197762
8404475
87153366
67658600
37707596
98192904
83253971
59436120
89385588
3016081
74887289
87711421
71113812
55004783
76973199
21999440
65757127
14755081
18653620
698879
21707582
70519985
87043510
95569146
3152075
63943027
29802703
69519169
72418294
92251168
69236845
11133989
37468111
83702716
21083001
77048931
71644106
11017714
87591797
25187747
73492895
9810416
6545433
57655247
58778858
52096720
48452747
51467336
90924998
33278479
73694433
4551636
67329718
14410931
92106657
37325351
40439232
37556693
41866564
80418866
78832426
8228421
31289173
46960847
70115797
47067062
73640611
40028852
23699584
18750020
13074124
41878065
58409773
10492097
46075145
50461569
63784903
98347669
64342015
57043286
88678504
84226108
28995049
85134486
8235704
53151608
12074838
61300928
21080332
4449561
43597908
25317468
81019808
60726987
29468368
33188004
30815180
76614249
42241778
90856062
43000190
84906664
24422641
75287713
17268590
91865016
39205115
70434397
3400673
60544367
27343944
11572296
79130336
4133587
2157833
12457828
59516579
78256055
74834636
3025945
86407562
15136347
36415817
67794021
46369418
78503120
74295821
6508424
1346575
76538180
35705262
83490682
75961404
61144873
70245818
27850914
16309128
16608432
61630491
30510267
15177939
34991024
5131446
14501505
53438290
4868175
92622202
71219084
96586755
49064416
74543232
43194009
15916089
23061907
1567544
48719735
67333644
43620182
83279461
34493802
37795954
44593221
92493264
65565209
10484171
97388253
50137648
20029908
56337641
10794518
85299132
72977487
82469574
96556266
30782326
929214
52737191
25023301
80442200
19749813
52430253
86255730
67662266
49452384
96511560
50502444
77836667
160450
87022384
11487378
19804909
66029587
59095446
62372976
2632041
57038939
37539549
86529332
38694627
65353080
90576160
61024647
63471426
62188164
19420068
42909686
7131767
53436860
58672988
80087940
35305737
91651552
43074443
39577177
71037604
7856952
11611984
61798607
70702519
10608471
99022861
21100762
15623201
14729357
53493520
99386058
35063393
58024163
81112490
3464408
48964969
21803292
63477217
66068745
24963904
30524626
14801874
63773726
54960401
66255178
26944789
45517514
85898604
74534427
16807799
43903533
63447369
26892369
78314486
25203776
37189916
48704212
68070646
35213383
95484760
84300447
28444374
5220768
39198443
69740003
53519675
11789071
16665615
63776478
73341632
93318865
97116697
83820045
90790206
95558839
93159755
98014963
62429468
65278071
80947906
5126633
42908235
77188370
74158033
42138751
91174296
95880905
62843823
28700329
3075362
67339282
2438990
36684726
60980424
14664478
32610174
84232475
38421280
11442514
39704879
31783905
97364229
40484791
66122671
43163709
79401556
18627027
7572557
35447518
34426056
16744008
90778984
93433302
30394307
65192789
47246804
32015078
99247394
12593637
18119697
88794205
11857097
39307188
11806101
99595014
81328552
43810268
70883196
29986601
10619255
72862383
40532618
50783224
96051683
84415754
96440661
21829664
53000916
17530150
49618181
52863999
80062780
47203894
83122348
9800448
21759042
78508126
29548374
96948948
21461082
11866334
22652591
21698030
40377261
63441568
762115
65411727
92860431
77174418
78490669
49044939
28878895
44955739
99058481
45006200
87798770
62108193
32285674
31475986
29038704
73164393
94605505
36026966
72999173
13848607
84448237
33074909
44876526
19692139
7381732
50597858
33500093
49215473
63799735
55550946
51897172
53862345
93002303
46686282
56380763
27097988
16202527
31746760
49418382
21586716
73573006
39052893
75114594
37511966
99635038
46629587
66269297
68919054
73664457
6145324
48305359
51754374
93372184
65141352
29231022
44930321
21142691
92671516
51278390
38859970
33523
12409408
92869528
33527161
39328684
70714713
20797882
6499089
36499563
86654422
82762094
29798173
3951418
91975716
58820617
83346596
79654860
56548595
66730020
39373902
74884079
36999820
60719530
48264832
33135795
85481976
52922613
28266814
59683088
45544194
85728862
71602434
81437566
97161176
44213615
25506932
20684936
64692060
74483877
83488827
94858120
15244561
87605654
30971526
32494301
63359313
87363516
30093979
17603735
6234531
79826942
58082543
91361801
41840927
67873860
18959343
35786268
1645480
71005692
17093228
19047986
59601584
67664834
91106240
83906812
20870235
80831195
86263938
66333417
9716118
84563924
36658218
89749967
19287240
37090475
91867930
64657762
75438269
59509791
28905702
52552057
86608014
46790236
29669606
47721822
1401986
45088475
81611446
69175895
86146712
21418441
75642580
74092082
37644122
16104779
14540942
47424264
19811223
80988626
70169746
82551468
20184054
15162615
81854641
97597308
91747260
21744115
34180183
74180859
20182563
519315
48310808
41701709
76860908
75642351
22301785
12403697
11624054
76901803
27953870
82201491
73043354
58141199
42876546
3034111
28361555
12877532
57526291
49676465
50230184
45886166
26382446
57940319
25679658
89252368
47132285
20986414
6452379
80217125
92708499
68044165
90858181
42685554
95830930
61902681
12672711
88294595
20125390
3527753
59227654
40304363
40687545
99180459
28245905
51671847
48933179
50936049
40518651
46388558
22431221
55884322
36936730
84936235
12741611
4073237
23979377
78706534
36413306
96744536
21586144
23243861
3610816
3995100
52407820
8546105
67792799
21760410
86462551
74075192
94914142
46865738
60497689
84047541
52052827
28361886
38092531
9061152
15082484
77469768
68921306
56017578
10142070
1482181
95227412
10850363
17324820
23659780
94116382
38830196
52699950
37105738
86734858
31486770
40061020
41007164
40735089
1773616
24328896
45684221
65265700
4573353
40809958
7480610
70101290
1818080
43318184
56762596
72868208
32768425
1484402
19378405
78405251
79803405
40806345
2608755
9799215
21149379
72627054
79548236
37479955
48702904
85624410
23444670
61973466
77845044
55967475
76865434
27252391
21724405
52764730
49647233
46930823
678117
75067635
10443306
32546925
81203733
66123144
96774809
51584909
10382401
7657496
22388655
44708410
71913799
80848142
38303388
17907069
36147030
18902482
10561172
84972875
22827304
17474793
83856721
48421793
41919436
71599004
25668946
45650840
8675880
3281544
79205940
92848870
10942567
88992054
57296711
75133111
25732643
25429636
27423811
80408555
39277460
60452320
98912427
7486698
32805353
13577109
47516630
15707444
80535370
14699516
34041060
97663925
57649633
98466813
43522341
34730501
41219474
20317277
24825038
5878278
6157868
62905637
36271833
20925406
89674827
80464180
69310545
31548519
3143992
27935409
43239115
55953101
12625939
25806493
79499032
27213957
81530650
6325911
77899890
41446298
87531311
95280437
77315524
35512702
27567050
8025573
5097603
17932029
36973033
62288693
25724942
66450485
14940329
2652425
66648566
90212552
64128061
66920642
54058922
87399605
45807192
49837296
65912909
29961575
56418642
89157719
79957259
83035853
83823203
96229583
92963732
88263198
9689119
19023520
29949810
75568376
42484933
43238
48998324
86354014
89195869
1635938
94009111
20219982
64433173
46155555
19823887
11026337
76295163
22566786
58147941
25391933
20715264
54370326
57413092
76130469
31956266
18138675
21752485
46505484
63148754
6933201
29405768
74157219
82190282
87901990
77435823
11475435
42093284
25301505
11858216
56540835
19762978
78360274
3665362
93021603
39218959
82136482
52931909
35856831
74655857
94044683
46515276
43289566
70933005
39995341
8239698
17848710
69283466
4747026
30322429
90474677
38815456
66019252
92565728
60711818
61448962
65854688
60534882
28517669
2257618
9746565
7428084
28697931
80427002
78468099
53723324
25611922
36657109
40527739
56338839
76955241
39501296
5805050
7705727
25950903
1726281
32544772
53580023
48221501
11135242
21157176
20942232
72946956
47126504
95559701
33602963
64986934
75485717
73817740
95743904
13147267
1542530
29254321
94035921
17769895
77266430
42251815
18080838
61545444
24238068
81596551
85292129
72895911
92854612
63804746
54046620
48837244
50393615
22788359
41657059
58849869
41057316
75478984
41916602
53272681
89281108
77001023
70233042
20611281
88282526
23997670
24645554
22916961
48126856
46960810
16772979
16548781
64065124
60512107
4221039
49323011
41797341
57789501
38331691
42201558
73815870
20320953
89316842
72057578
35175587
88355550
79004570
85306884
50117000
23104091
51054486
24828808
13899934
29829471
55421572
99938756
13106777
38078552
93754763
14988532
2889231
99365996
57680367
63533792
89106476
32825081
8000153
84821131
2687076
3461796
78860484
5796316
43196488
29167882
55917066
60055490
29964516
54052145
48194455
93107430
12811945
24644619
45229548
3057933
9682802
35917517
85255764
9968734
26409223
89353956
93079414
67911332
10693216
8989819
70849735
69009411
38497810
17337843
12766248
78615097
92914417
51919161
45782805
69380141
97377815
38210252
56986346
45901436
97018309
37193695
95192972
19476906
23793267
21009819
33110687
81654443
86194017
28540438
64669154
93607245
71466427
33215592
2750110
5770982
92263444
56027091
43023356
78971937
49161228
9229647
73645589
39605180
76406340
50989072
62881653
5278858
20159238
24443493
53546845
42246097
98799736
88912656
81433303
52901433
75592106
76953042
9208948
88487377
15257313
63382217
59753160
56132195
93798429
29493410
10393444
70965359
62604360
93963223
92488509
69175262
13774926
62823134
69810341
58128225
82387963
90110161
30633805
41120368
93754048
75451071
72296305
13854489
6688236
12280784
18187925
40173870
1514360
24023587
90613537
32019224
41909310
75859880
5398003
10203989
99381455
38769754
85311449
87602111
69520583
71968203
7070151
24110673
55598652
19060328
73279862
59917403
84040532
56196165
71592741
88221540
38684628
95000947
84134779
57320514
61478464
16741079
81792386
24978687
51663757
70698515
95425864
75754972
52839290
74568568
64047827
56243844
75427292
22099724
15338553
28797577
60527843
5794878
11780793
60115105
27956301
14858706
77505214
77270296
16932499
17887270
1229911
78558127
46337009
4036065
9104143
74175038
38286360
56977077
82328450
60822440
69252427
37332910
36070644
93387605
89425843
83289038
42766780
32028434
89125756
45239653
80668760
94538481
78117818
83070947
76158037
14234489
96582811
91780915
85133967
4606062
28890501
42557586
88655514
24620274
46307101
32029988
19580790
71148604
55099673
48760206
21942022
63767772
13490550
34225961
26468360
11564720
38039298
45133950
85403279
75781684
74896392
50072621
80068305
63169421
1384997
529046
78531522
55398674
10866597
2385811
40777668
54878805
71527489
48400144
72451644
62466519
96350640
81567397
76257910
83853667
48151163
33330382
71091087
82020529
93018512
91986501
35237954
43970348
41673832
52572354
91204056
97247445
44595727
4160487
32336345
40018084
83208822
97920297
45508567
81874004
68470864
72218833
2847953
38482079
9885987
71249575
32039773
12037381
641768
74566996
87083687
89163991
62355906
90479886
13383354
68944980
27657251
21939719
86451642
58268488
46669037
59501837
6809011
47716029
17450286
57750322
99612491
12636920
55457647
49091519
7658788
82330821
72823943
76622938
14139462
49870443
44227583
38543808
79853479
83443102
40172388
47392774
74382008
62146137
68133451
32373901
38822882
32991209
75217253
18398727
15278616
9723058
63622893
74283758
1250540
4273291
83011741
34014272
28806136
75584777
5521756
21392584
83957978
53991804
4005636
46764512
80510606
30775864
43529474
68270728
45524784
38285834
84578196
26485005
77167568
74623887
37376245
97845521
15855638
52226767
61697424
43774410
66540145
85336314
66176430
48193362
68999530
22432924
51571619
9919621
99294624
2371981
36128459
92301045
79271723
48037690
52657023
40144568
95865512
66970329
74949026
43767082
35291070
3538282
66073411
84211008
48553118
93794817
18151249
46681900
845845
88423014
56553089
63408884
82021589
12342314
11247254
39198076
46148366
29314639
46605805
97588388
21306880
55062437
12598618
45207783
39840240
47985222
72991609
2746220
46381101
17966342
43439278
28526788
7913638
54005515
3811032
47258070
79050969
75908915
73406216
49830299
96463102
58777658
72385621
62542015
80874301
87080538
77018603
93106867
19724151
33006015
29066915
85762111
84326882
87704245
40956128
44387943
85734949
62296783
17314181
51501038
16254306
91032431
57205475
81298024
6598834
85590720
31724478
15656985
87264408
4377430
2192678
73737299
42652765
39330638
39195720
97306410
71321082
80796672
32048573
26099121
6872954
12085889
57717701
95737060
62185668
68361595
59616375
44932516
36676781
70235910
89751112
63946749
7791862
1454012
19949079
34459407
65710465
92735904
66114823
20505345
15870163
13858467
76483054
57512638
53219264
86461952
99223469
53068801
82132548
70247535
28183033
62035809
57015941
6109769
52287
23087105
15122836
69154454
31269048
44578989
63324828
74237274
70113339
67238075
24057485
86252822
95035125
37966517
7822097
89085891
41138369
57370602
15637720
70313947
94487938
91720737
10666523
89931126
22403596
87823926
92271631
66301193
63281383
9873632
24614779
38715776
71304460
50993509
72780448
40970666
41005934
18208228
13177819
90976433
76522091
17895047
12290782
44932483
38118788
86643195
25510522
96653855
36202394
75867517
95026125
152758
87115725
94048542
35358664
33255995
23504405
55199117
89938896
88456233
35500529
6336455
20452605
14081581
36955576
54344970
7394416
48146801
28966709
88397024
42859367
32871277
94994310
93439300
43597043
51104702
15249290
35685587
97310789
46403318
65090738
49411728
74543386
10908581
32499470
58535268
31718092
58676333
96437665
81613855
97631654
4253184
49446961
71102648
82883945
28179238
43794819
26360503
47365970
13828472
11746438
72921886
9324461
79966836
31693262
48109887
52147639
99708912
16231666
63379991
68291865
84638836
34313828
25389080
88495834
56284002
23462488
26413564
64195453
73336380
2166486
16404067
45294530
34074921
67514803
44932337
900550
37104246
58431271
84790919
96285284
7748710
90224600
43263078
91070304
23830060
4597881
19246073
23369864
56551378
63969469
57231464
53827182
22666426
29927450
10656559
83473549
68156655
32626609
18240340
26731299
30183016
12335581
43458044
72971396
22307735
1888439
54190250
83622972
56335305
21302630
33549574
99835497
13388077
54018337
50073715
90204620
9518601
4284234
39267001
64463299
20234050
89064682
17036998
7897154
65623853
34450272
23308499
84114317
54578729
13846076
71307521
51278751
42743117
14388548
45804187
4232602
16386563
38036397
76760824
67218221
80843466
95224574
13175170
19894415
18050970
84612550
42558135
68589257
73050033
76829014
11476878
44083300
59614088
7402976
44676225
38064002
28996417
18560807
24647622
20913978
81213941
69247484
88004880
58288429
76299215
68157402
61652089
57821056
90852174
76317106
11009325
32711449
28911297
8290694
60194219
99726421
40616246
19322973
20933402
53521558
98349697
46587492
84626273
23578442
32082855
5736032
58326920
24167258
44245148
68100254
84494810
40567799
62030346
90830494
92437043
54664446
86265186
4671818
45761618
65971859
82239742
14978464
14441187
75215472
43607047
22646103
23772643
78387121
84091658
79357080
11168644
873892
4032061
64379657
59630797
78143287
11189538
47154197
73315743
74336986
25477327
92712782
63057049
67611445
32091933
4858646
58544491
21818865
36860935
4525653
75813291
75715940
73876115
42768169
91432805
53695705
60861197
94241453
8043695
70522417
93522191
40013489
89172074
47789208
99849890
35057000
70558505
95045402
63388107
66088969
46013300
55093644
48984695
792735
34627798
34320286
82352406
24713764
85380586
52947959
47960815
48308847
39065106
41054867
79883608
93128955
78822307
87849265
48956379
30534345
72062260
11630697
63907737
30832090
21267410
4015978
98952739
38698735
31138917
45035316
69379050
85860582
82775580
8751474
99636159
13194840
64066045
68026038
60237971
20103680
17635356
63357079
86105363
10032719
76085109
4928095
27245944
16158549
11068029
78877707
9499887
26168297
83313477
65892252
81921440
6834025
31003465
2104243
52308556
84882891
46022014
98357850
43748837
73816299
25466115
47749572
95717464
86692753
5527844
9123111
84757450
25283205
94735606
50781875
85742017
77137029
97059066
2297259
69796211
23676386
24032306
25195639
78880879
99828508
57807121
4802554
61847943
8224543
46362165
58911672
96257539
83567504
3369507
73254105
7960354
45395677
12310400
61011238
63949794
48417688
68284639
27535081
69679641
51693642
11863186
61330322
41465896
53602717
87595405
85747841
2098373
47787162
86109031
34581649
92341414
78021867
21309705
34110497
79411994
50622988
33238857
26210146
14013524
79862909
94421452
82516808
16071691
41294450
28390298
56453180
52195030
21821581
24319877
63192720
45002001
36560105
49230983
94936255
75135957
1630894
69633556
75544901
97759592
11323884
4157669
66051163
81305599
63598951
70962504
61291824
84894383
1503992
77528935
55679571
40971825
93061345
44619808
45318081
19810056
32555310
36834351
71081958
51174376
85167584
59900112
89763171
21298952
9275878
22776606
41015440
75808435
46494811
38648036
282384
24731471
97922648
73596307
83143229
744170
48501387
28497075
81172446
21345674
4811083
45444694
70187532
69309956
70378376
21289215
30678348
46500197
90453230
95768156
28192806
23647823
28556483
95857963
84227227
57822376
91857249
99457138
89694886
89487365
646857
8563249
39466091
37047501
99325126
74705990
33468121
25802839
52146798
30260628
66716841
61697258
42857810
42705899
47401816
51202746
752344
12466830
79770161
70861478
21704904
91051704
44786448
91628577
20097937
6250642
38400090
94376392
81511498
14673755
53060384
18153374
90757084
90663795
95775077
33654705
24478276
16690574
19809741
57098308
47999671
22496752
78575333
77344662
78704385
69271486
28332119
66215735
36123782
41134859
24748399
59771991
48351663
65834733
27933400
28167934
1700253
53747791
41485296
63946335
66019355
25451219
20294358
66521072
34184363
99006075
70193037
46882371
76759735
4641847
2053932
84489945
29646532
33083639
88066722
46176046
26853514
78978228
79636286
95153124
56227492
76757769
66766595
10219024
13606329
52159706
53736867
29839840
74006775
61054142
68501745
83986548
76075204
84118367
24010566
58766980
14334006
24232514
55363118
62667560
20759279
17164639
45366753
57920009
54905678
67239432
18541486
73221116
74495881
98921035
79910910
34572088
9409820
91234218
37264132
17115168
57405371
82924106
69141101
64968868
39350853
46875949
31256945
35776341
25790292
49835209
35647703
13786269
53019937
530767
36300677
10354215
23256452
87647814
14497412
79459905
8881497
48295213
50695496
23972261
44549528
4865790
33056039
39596163
56872531
84655395
55036352
24111630
39551729
97497720
67029008
6024683
23273740
27394646
85322333
64564619
87439904
29394510
85725847
73122841
48571993
96956351
6416739
82812338
92172391
85653920
88823448
30158136
3121525
32634362
65448913
56350133
24407943
68818398
42660573
46079073
19669310
58329811
15264041
45947588
3962365
74421210
57802036
76021538
14286111
50266310
20742923
75349780
3427489
31758868
86197318
49774468
33991586
71842267
34569040
54045845
89206311
52096177
21915533
32799603
85767437
31411324
80524653
13941601
51239224
70762303
22767988
29390465
95125651
83423450
52010824
36218696
25922540
51664106
76286391
41088444
34099028
33881643
85269936
54585636
77729930
53467248
69144996
43206241
69481779
56574065
35108344
88206690
86523177
717806
91142507
68818103
6348461
10938488
5362158
29438707
62206817
26203939
53900129
73886950
60289158
60402880
53399786
63690755
77919125
25785042
13006312
10185078
5499448
58553766
98570377
38350735
5317078
29895030
40129083
51437717
14328394
2647128
45708571
55770915
8733779
93226613
47362654
36745404
956864
64729734
57692821
56381963
12490644
25976913
15844379
28102832
82538764
76178036
2062729
33338053
81903187
71489066
8823188
52935397
91117198
60121450
21020185
95911536
74575636
13756228
88155558
91574416
87260672
24809915
77823869
51934618
8087369
78081158
76095245
64822986
18665241
93657322
65809548
53192064
80614599
52295425
7499239
79799579
39113153
54700919
36456225
62810508
79695344
26473351
46024690
26823928
92504760
96082554
21753968
74615873
64218354
99667976
80147514
95467202
70367883
90537064
84336451
68726649
19526838
14736252
59019078
33611480
88774190
23137300
75532655
55302611
66335906
20909690
8147634
23262411
15151022
66166651
31538997
96975594
70520367
58297464
97890385
59291940
40981642
70653605
89532863
70495272
3831320
39490235
44983659
81789329
60183096
34340731
4762390
85402734
77690690
25957167
4972830
98378893
27372544
17034592
69276809
95355106
8003538
96017597
29389713
51303403
18647117
22911790
68999661
49623133
27687392
31095657
34870299
89420574
61963584
69616593
55619979
93171361
35097323
83191362
50965084
92948164
2877202
96377206
38757032
93697359
18519550
11412322
21809406
10627238
81451334
38519892
44551561
49714955
98735415
77404913
34145124
22736915
87000447
74590881
61288386
3020997
30508130
19211797
2355144
77780629
39975200
51192077
6758248
61065346
71244972
17467313
52586710
61885590
82905575
8301242
32280586
50395230
12587866
3035212
73200872
34365618
86329115
61283580
96044027
66727622
15463339
4253686
71804792
49062883
41498780
66677827
96174466
75112612
51512886
18438894
4438750
70073231
3844091
21841598
34605702
25757518
91855032
97786055
54331291
30901725
9927746
81894159
95382921
34134033
22289
89369832
97259168
18109616
80305555
32601485
84365191
15862723
20319864
35044188
10689072
25108043
19056669
29832766
86986209
59995788
86275870
97550082
37353206
49882228
38676060
71037848
77370045
42116721
39281969
65316270
36577999
74477570
11573215
97276927
79547632
66379214
66311690
31735413
77859606
76260601
9005136
36605760
33177956
11542938
30693900
12587350
44207309
22873886
56481945
87352019
34228992
83382674
70842161
80081175
27244944
44480945
23138419
14615140
36787972
26935851
517457
99550897
18980763
41877007
62670693
65349992
69403989
32107632
28230736
20066796
98969893
47921370
30912568
1966065
69259474
15712584
68457859
96774547
70951330
11965249
46521509
27698347
63025492
40521451
99521344
62948132
53855580
96671627
51837576
46698175
12337582
54125686
16072897
76059758
32765256
69518910
66024446
50490020
73522229
75817611
99300224
63148897
51771090
18391581
27548680
20361051
37449750
83290331
65169106
86086059
12970100
82700518
79050597
8873666
10430458
17063520
34571952
16798187
83375415
68504997
48527171
37085618
70196312
26151334
50053957
46051326
39606577
34572790
1309575
65312862
10036167
75072872
32514038
38559854
80628157
6179586
39576052
95400681
4300840
80992301
7013900
40967986
28256380
63314098
89707775
97201830
36954246
45073306
40411386
28435901
34345333
5366788
1253801
50548366
26695145
34067989
88560030
33018867
12541887
70525577
89378015
63279642
88206295
53939535
84625392
98767256
12285473
3721322
11105588
97559661
18956181
19283191
70880647
76556398
21372009
87387931
51876049
45571458
64384190
91179614
7231148
72915488
24143549
59813193
42978064
31831197
81375801
41692930
51312844
84932088
56811112
20131866
37020834
36485016
79462452
79926991
65377099
15181413
77894286
84155480
33459815
10826089
99383802
5511040
52896620
72155780
89757117
6736840
76090024
99937133
59927069
70200278
92968575
67795992
66484967
71367966
19221023
18322044
86309246
33395123
75322232
81001826
75543534
69881693
83406569
60366429
16051030
20663231
3716575
40279602
49571627
16101245
53961900
60450136
23231998
19549090
37411624
43169428
1203959
31281150
76800825
57037098
44683916
29408955
15167329
75731116
68270681
55537639
17344489
21826501
42864173
90147347
16235830
52766625
1919319
87702984
5241658
64035101
43663664
2395229
48180964
40911733
94645401
61940345
92560856
79785239
16257113
49644855
49395073
96630075
89728952
20826731
69108386
8564471
57844609
84812931
92778905
91540516
35957882
91989015
89468627
24992516
33431013
18726810
94228482
42765433
22038224
76993313
74442073
56233887
9850969
70577110
39154199
16463364
88128129
73279312
44114455
96050957
26144173
71771642
12950049
47045638
6865339
84784876
17926038
30084669
53466460
81974147
47275749
1592836
31775167
53460646
33271086
22638115
90714475
70756624
21700517
7320274
84954610
26966710
2044532
40537527
5184627
59432446
96984096
71330497
60571328
51064412
49939831
87289624
50841783
82152701
49622699
70942880
76079182
52669674
921485
99791509
35947624
64860874
16092089
64761665
45712574
48654055
20994894
51726390
48145136
11512222
25035365
88149836
10826812
27502017
35875076
66906324
1141580
60487525
48954563
93634694
79323614
82434656
51605914
73616223
65911845
74035035
78595998
66266402
93879707
88293905
62335328
68397745
29554984
62920146
51571491
47118771
75224658
73811029
26371082
82286700
52778222
28790406
20208236
50755174
74851848
50373292
90767060
19952717
82853869
57274642
15029539
64397952
84072095
48273177
17332698
47820962
94751929
30539225
73529395
13741859
75399059
43301307
59800563
36950397
99391427
66593104
53094637
91958082
21369270
69305501
7043283
28767135
43445047
20493289
46457065
76629322
99943809
53961381
20992139
31834521
43033690
96739909
13445098
75408955
8212851
92375266
11473244
64363508
99664161
23249810
72344478
85975420
98663279
21010557
19301013
16555032
94697730
93887491
13964697
22832088
51875087
76538181
91073900
23693696
38795521
64462071
17243910
23161866
86636203
23532925
78680298
93486554
2698208
8986627
72035458
28058277
93227238
44205929
25660799
64030960
18151413
84556523
7918297
8801655
87899155
22791609
57441068
48181910
90349163
36214557
19522982
81632446
18949983
44488326
74748933
15223534
53123866
22715412
92366808
22719222
93949768
6421484
95142366
82823838
45267049
35251331
80171056
91513912
83892214
29784106
5418731
17780781
59952729
50854811
6704680
14995305
3028436
3293741
91600055
62257518
87927849
36461560
61023536
88370432
26031650
67203911
79931796
82629836
48677874
28176390
10575912
61525845
71744072
3078006
15600568
17229530
24109533
57119178
16721930
37089531
92593149
66783086
72363507
86436075
38843142
21564664
67260002
51134340
72547236
3111942
38717376
14035177
66709526
14520725
84670098
42611922
7920173
74690479
44846287
30325204
60241623
10307793
79545568
28977292
65351572
78205121
69035273
1209984
37504
89847109
76293013
64886342
47523307
85900369
5305019
78539282
34739548
47262390
81061556
68492059
2807060
18392731
47896194
9857631
93577573
82999599
89739255
20675982
63852270
60757937
64694837
57862516
59580342
75691403
1594443
23610782
6308254
35288806
73508809
95449496
92883454
71289132
259415
16508947
95191318
86695362
91878954
7395759
80570966
7265544
93038182
36294844
56005600
69483933
94916383
14734082
95496594
56869588
85331233
86054075
84755382
32578647
29531413
57020770
51365223
25032618
23841037
65612867
37297614
30824288
74227335
89096523
45750236
87284868
65696388
33086962
89889422
67495679
2403589
36417508
59408633
59801939
18062817
29074193
89342828
84741330
33104996
18995548
47632139
36689483
92091833
60793691
57282853
79851389
11865147
49939512
5737359
5187916
71608792
67765563
46609306
14810011
15538659
47873101
30956833
51816795
21427059
24844171
81032573
51185060
55756464
17549576
69780288
39039913
70632559
76731766
99306014
5794076
83305150
87832359
26122816
48388961
13496780
40842791
8732431
65061623
51195696
4708624
58467826
65605034
34694544
86053245
55352971
54248773
9120453
91275097
4572887
41233975
5939169
50350947
12883367
91006768
38120288
45134905
73644881
98521635
64153862
89664852
19318569
95927496
19353415
58124304
42547680
55719798
90931659
66321794
63145199
72803619
40879057
60218303
28215321
64929644
72470386
24304494
89615730
50257036
89289301
76540521
16727803
90397718
63280848
13576988
53474584
88461052
22548163
31493708
63879358
39588398
42888039
22055479
77477389
25640296
86182476
46614333
24836828
26764533
10550187
83093894
84509164
53333614
87467140
6048802
71397521
23608557
12147759
18081524
21779008
50274753
74534056
99818999
1960622
84108289
27151459
8032373
34947278
64861686
29037379
51129928
96625944
92403961
56001673
41706123
8858803
90891261
14036005
39309899
46331582
20481037
58078987
96788715
46466701
33162855
8688660
32233969
8706756
27256143
72063558
37456672
71536618
83021166
57510213
65400207
24305593
43311835
71633530
28225215
54086466
29134078
39131984
3245034
12552968
73404822
73575215
93181966
23199182
91371167
98061654
27319340
18124823
96113636
47674595
6452014
88733643
19550355
89860735
37291889
67835561
47354974
43967456
51952719
2013182
6949871
55263777
8078837
64038770
6743478
94849391
60830321
95094530
36908963
58683167
80579124
3426762
15486088
79732165
18405890
88891952
46617991
73917943
72460486
15251332
5302242
75255200
92272665
97976169
7161028
96412029
55385666
90733920
55110626
67275030
55831986
23633871
70182267
36942258
14338764
56748227
4902389
84810055
72518796
95743023
47866901
58912366
37502628
89992646
46240954
80349139
82125037
69869335
88090216
44794131
68627374
4597007
64294123
40210998
65747417
3901937
87485884
28473776
81194883
26101137
78645297
14551535
81705105
88368198
86135518
92730051
12411790
90917759
89322212
71048268
86482415
32995104
88821573
95699882
44028757
89619266
19187096
78560445
58764497
32065605
86642960
78500609
83290232
3413446
16080157
88967807
83418429
93643742
53555705
15864808
37391495
78632702
74533151
87064874
67534935
33281826
68857974
23241732
21487504
27528353
50319051
75005031
76528265
66021165
29154273
58463538
98043255
4799801
2703916
30327724
57276353
94655139
70073172
62301492
60689855
72608956
23814904
42587174
51222474
91763014
60579794
86021926
44152017
72869103
95428807
79793026
69919662
73388920
87718952
5534132
48384448
18004525
55045251
19793376
71228768
7794724
43272261
2482965
19919459
77588541
13648530
23536101
39632210
77048484
21251388
91652062
37081035
78581315
98771613
39906453
30928238
2224706
82873458
69329209
71147239
51719194
88922926
16989092
37203884
89283245
53423996
11056185
18695260
92630245
36713239
12002155
61746475
22529276
73287475
2758556
39339859
3475376
87791550
47748383
51742206
14586060
54837586
19068922
9101330
72959402
14160792
82060376
99789221
89292418
30935656
72135814
63189452
54379936
37419512
40940515
82351009
41056884
82090091
81841419
23857236
56044063
23742474
917126
49089041
675345
36159821
31234267
10948626
62031528
53019348
99341613
47185516
3529268
57333314
33081885
42647761
97030042
61443157
22036415
35640610
83695813
79238244
41476625
9119435
83979612
39861795
67221159
44796203
30676128
6927602
67068538
76297735
58396167
50942473
9198412
36054038
83545755
99133412
47186614
334905
21165507
73176686
27292281
20418291
98457161
75541906
83280085
32944671
36396431
94145408
73509032
58540817
2433397
32614707
76153787
17033540
53933718
46135060
35281661
39822774
10222418
87762690
80226909
41936805
45102449
81111961
36637638
81649161
47600996
47274694
42263846
11640366
62273790
2878285
91950937
29578362
19545024
3235326
11280500
57647583
25994793
70760387
48175214
52815303
39451893
10258192
20533508
43721370
47654653
91406507
91428630
40460021
19865869
41867764
92866773
22884064
39851986
38671660
31191241
98100244
82983368
1777891
6092583
82366718
31975428
55389360
89222674
22841033
85644490
33485294
41866635
66445470
6228712
13500554
38620531
4669040
67048064
25085512
91259900
55776644
21649477
24571974
31561246
94665105
19664933
11964288
96026860
90754484
21742116
38816367
44536783
94751900
82671287
2845039
74247991
23359116
47406362
88336254
70826037
460647
48644162
37602549
26389476
86280263
25890798
30842272
4952971
9558577
88894802
509517
55606118
95490372
11582352
94800147
93574514
90078293
23177051
92103274
12318377
89702811
67807472
81880819
33429411
40508957
49154911
26605356
65217364
76475154
93702027
25881579
57174773
9197892
83820415
24089463
19636225
22437920
34002604
37819069
5358020
19952201
39384101
45986684
13784952
24522431
27922065
84986851
97385928
53713648
38295921
84393292
53035340
83368699
82184948
3429796
86397109
26651951
10900337
38719405
1165991
96128620
20754269
79565284
50043507
56360609
34188629
63431747
31808947
19069338
21625895
45349833
93129774
5058190
62507556
40564685
35939141
76072929
71637615
88489410
694728
71845891
92914133
53952424
17821716
22760037
7565030
51579973
37094479
68199844
48715453
99173164
42864400
26003346
34490316
64155787
72301245
98663180
33880503
97377595
22776970
82998881
28111401
97003633
3697869
86827812
97429286
26038367
24267778
27946681
1329930
48445120
7352968
26776683
27670331
57046394
63164669
48913178
69693104
53304107
90746871
41281619
60515642
99830675
42768929
154845
60418121
87734458
70599064
703247
22974577
28808836
95483866
42900646
30261934
62492617
11977757
55471849
45425796
56696437
34442028
91641021
28603745
36624120
28015764
16375777
82362544
56965441
99857641
8085408
7285428
81032907
491086
97336371
96447688
77940249
39000099
75745738
64610979
88821086
60906237
11627569
63415559
60193801
36651229
22143927
78483733
86808273
27954274
30015009
51934782
13364057
12778581
75030139
83385590
95044621
17250986
78743659
54423896
10672729
51799645
76438526
54854550
85299002
17226948
15320848
87565831
95226306
13613018
61498386
65773262
52717193
8217102
9294291
95935447
87542498
18770188
98421609
67872985
66803413
53398740
31213220
34793047
96748021
68036009
40754079
96173748
30560175
99939254
64803902
54445035
1033214
30418867
77163440
53616956
41152295
25712110
24692966
3102800
78496973
51244340
90819281
9187487
85602698
99152961
12517169
59822078
22083922
23368427
66073749
5637664
99671645
32897472
81000105
89004503
21704366
45220202
45667810
12856420
35723550
338786
38391222
30096627
55260674
35954908
78658435
65441077
38365071
89044128
56249434
48058698
87608307
10680752
91633473
772435
15693889
30030759
46691094
72372020
3204189
49141414
73282725
94702690
58955829
9402583
78956034
71015727
37675596
97069159
81597456
74349176
32767283
59655884
30648496
56465960
77578049
4741990
72963394
9798241
59703622
26168893
4833639
31825618
50525426
47284770
96946582
74989959
82473128
49474338
5013269
45586579
47744984
95125094
63013395
22134009
77933126
19855054
46637825
13610865
88361462
53437586
86101151
25854128
38836718
35137884
93965088
54169926
83169382
91565826
30051447
26495957
8906957
49005134
69828344
31149432
68373315
29106057
60761509
21218775
45396424
24300942
10940692
60670842
21103348
98108024
13957285
94695855
51744876
55720994
86299916
76508076
92539634
35708342
54071091
36510340
8903926
77776875
56281251
28125588
49943048
58103819
42656071
63417824
23903059
31666452
20262476
24319350
16591765
59836794
59736250
82192414
62367036
29171821
11463993
44471773
22591936
76749510
31200669
26278881
10998002
59431380
9021917
96885696
38024223
82632777
20042837
99105085
26939969
15572692
44756098
93957788
29891378
85197882
91179709
87037760
54330290
78437373
60610569
38158066
66604431
46703311
18293491
67355544
6058735
90444186
57347724
45087089
5021737
59871552
94292192
27540045
72312233
96969226
40642751
83203485
1396024
11066018
91359718
86408578
69470789
69594392
95930261
45044262
8649403
16827132
3489873
9355183
26376056
56029326
758771
30089107
85768668
28673736
68975154
7807958
27586935
36967050
1270471
20284316
90184199
25440967
99098735
66265176
87543737
16786346
84040908
9119174
53555752
84159990
27508328
12746289
28049109
31678692
44767209
18265072
4200070
20360657
77828173
82782308
81787896
35595073
18039010
92106105
99490092
9759869
69550360
96939417
22004504
98335943
98845512
57034157
80149109
12658176
47788450
96561187
48072297
13124168
86265316
45898705
88691207
21785611
11537854
22671969
79766929
2306957
13880551
35549730
7510732
5660801
46497940
72652502
7541873
85112293
21980892
86179355
87651301
79918010
73487812
34402616
64831446
74580602
94036470
42530209
11442206
18266464
60176865
44145911
81389368
5802927
71463921
45298953
13001482
52202932
16337073
66136007
70741811
4342535
62211672
85635597
32343043
15058345
16353237
79771765
80804735
95403053
5401838
22007769
54987431
53329922
79155479
59397167
44197355
31177153
20694176
55027753
9865211
4813846
62879931
2601695
93310221
25746213
67837953
97621338
93164290
39554096
34679776
30115645
71915983
69681730
59185044
37598966
65165157
36143790
39371624
96242486
79252956
88386870
65504687
12738251
35506877
61324458
25773088
34435273
53108154
24923137
77540494
27944373
59371584
6945098
87464365
41887062
85778334
71931919
98354945
75971745
28040450
93202186
80918528
53290679
5445772
14020832
27855055
27901708
42503808
26998164
7501346
99141445
47406837
48773544
92009058
21795462
33344569
13642157
89253834
71773785
47706704
60357481
81350594
93089659
12390433
23270735
20098382
73095493
78995012
8376967
67282650
34369303
92342303
28662553
1228975
4766723
66646371
4343390
71854538
94901301
60172406
32266045
14334089
90163449
90713959
61549609
36060511
52251000
76958047
51785365
54450682
89313445
81025001
74529660
79823325
56156747
42416563
67393802
43790846
60572842
35077607
78366979
24992374
12381954
85379551
89016820
27623075
90288708
26970239
94282957
57185669
8986537
3004975
54391478
67221430
65558498
77371488
57499519
78006006
57308326
92861688
78995216
95587975
60998889
79847589
49475498
63939409
42183229
28311412
72604474
4516793
97668670
4441358
59424910
80668830
61991638
91791742
97294762
75496152
96768686
53665625
96911124
56616906
43845406
8065752
40890187
56696907
56817103
39221831
76403860
80797911
1347885
90363598
37391531
44160377
17159704
45359929
23788033
87826375
6516145
91289782
53174160
8252126
67738879
90838364
30073765
50653685
14404506
18752257
99312283
78622826
43822363
25223008
30545504
34155473
32741343
83971524
70458453
56970437
1390804
12612859
76982263
46787905
44073052
44373534
68754157
86841447
18060101
40085009
1061335
96264807
69053922
56980750
15284695
91628807
92165448
75068043
78887344
58448172
66565700
97138899
64106213
50147030
35497871
46520976
84345866
41196660
49758527
98782053
39136467
46803016
95549880
77714968
63197556
43502614
59899037
83806277
35842619
66785291
46335684
88274303
61874824
33469653
33298081
52337102
72108586
92652691
43330406
19673017
53675190
90805810
36763687
80029621
7772096
38336571
24542005
4593344
42424694
69960927
73566196
18466679
22581658
8488085
6387413
91689092
7358505
39706774
40576190
1947885
2520785
43008560
16295444
69911448
66672875
58959035
9637922
70727111
82399400
55156813
66417313
83315264
38899680
93731326
43875241
32064570
61763219
4630115
21902525
48201254
22192746
93384482
34395479
80854944
34808301
68620738
92730346
58084657
82237407
72770835
11785940
28464915
32433988
93402012
76651888
86279150
2601124
49996916
98128250
72690710
23804356
35057047
96272056
14129166
28831469
94133789
47306765
71134814
11512124
53264196
46411329
4951425
17771407
80025902
27663041
5036390
95477810
57287537
46639530
46215126
35428124
2488725
45847512
63986108
59801469
6145825
72653551
434639
56406655
71216502
14259188
71826459
28907976
60620635
55238843
46471613
76954362
50138527
3350164
13022980
43986292
65765593
54134249
21159917
96335161
13707460
23650701
21973613
26756668
81617487
59879898
43878799
10180289
90283001
36858537
78517031
97041269
62587229
27652857
6668841
38996181
88252834
877194
2355246
95890557
86948306
67392367
73579137
60412402
72658445
80609172
49442502
29254694
4316995
25328735
31243620
47292966
39057763
8483787
35506863
68814048
19759076
85786725
23187254
18355443
27360200
39957994
67819435
67608292
39021036
53573498
68677798
82156674
72741805
25914921
63806526
70025437
72667831
65345447
95149887
89047144
2448080
94992135
85071116
77642333
39665946
9840518
48033535
65863472
93866089
14416919
50499550
43014785
80586297
73895916
73778035
66022671
78076252
50062678
73968829
69340954
23955046
25681813
71932874
39811958
79543491
81406352
54765824
67867552
71168338
61590767
92260626
32216807
45371847
11459088
96592275
30103735
87525376
86207577
72254254
99988444
94452399
11518660
27822461
64631547
50261417
895930
3639978
14915807
15225806
32084183
6103683
98082181
67156983
34038994
4004282
13298037
22693878
88773823
39479554
24616014
51059220
1197116
11135212
1336536
30670199
50618409
73831129
1383537
40889378
45108163
43015298
47371626
78097657
5313234
52972212
88450039
54544843
14346603
77939280
18568837
59815000
37442926
60714169
33183409
69378426
12161892
68091384
9829238
71533520
57683502
14878013
69884697
54891516
39848154
73882585
69894072
9968443
91169800
71114863
539999
31528703
80409367
68578947
16048423
51277306
32830809
70460496
29963704
48750943
70350212
27433484
61597437
67012922
84407689
52937848
44416646
42674830
48830972
96712578
65846251
59784888
71570558
92450440
40114211
45323200
61725705
86782846
54480209
67672761
92038900
11653815
45816672
83803696
49261116
86251976
93336693
67277047
5065744
13247045
32724443
21262134
16830682
2035538
26110942
41274453
26227
2741054
36522064
10430338
19282094
2428370
11312676
42403799
55158469
30503744
75007365
26971713
11286830
46280893
2992718
22833828
3993195
13047920
3930292
72901392
87860914
96829860
81785327
94042958
52350590
74257392
87465844
4215766
89784512
5773770
92959339
99555396
85536810
41207272
82561973
96244913
2817729
52196753
40307358
67027148
57480419
17479780
77560316
37739013
61925357
70650211
61313388
13290351
70441026
13760408
29397728
96922489
91297591
37323927
81730312
42040702
14046720
55868417
53726037
14838025
42974848
49499240
47188471
14204759
44541353
97990331
38426638
87144538
42761409
6405247
35713330
74009945
77464495
37971036
41372419
78232954
83064691
28879842
63572327
21220853
73970893
30713360
20893373
3782624
1385109
7995322
41875403
47382203
42200594
41722153
20910700
41491164
98652113
78885308
66071699
42886915
52796770
72779965
31705202
83624266
83658590
58784471
84759830
26201352
83222692
66981948
52312788
68893051
51460987
92850065
52823769
85677200
37544163
13105740
3424881
74236354
14139219
81845435
69666858
39202195
22970308
49287070
65118250
24797009
77014287
55701627
80871305
14962712
3796572
83243873
25413641
41056844
22299555
16894760
46453767
94669061
36434900
36819770
62559517
66233788
54334095
97746557
51084005
96986638
42262910
42675083
42654946
43358054
52189642
48939327
88286400
9706666
90099499
56011142
8365458
76222964
11827225
13383495
15795501
98341083
25115618
66209919
10198183
72886987
48500357
66690209
74022959
19605994
34960542
24302072
45720865
55342703
52771114
2357393
98124656
55348099
77834319
17702807
71194083
78787851
50503913
20462430
23490555
17859763
33648677
97162367
74381930
64143552
89366080
38369383
42241909
4190246
5432154
90566094
81380270
86816002
34374671
60706046
28027994
63872633
3919438
68858273
79043183
20087720
67988060
90803618
23332882
30045546
99783376
65047280
62919186
83861922
30972202
98927535
27560897
99606495
64704255
58285743
10702971
3407543
28449299
66989686
93738146
33760112
6497159
20542007
12713113
88686477
9904045
6015520
17189664
34918707
23851543
47305474
54248401
39613673
17992935
29301221
2001700
97858244
85125975
89028553
69187504
29524433
21859821
39643830
44593512
58250584
8241677
44141713
7593819
68322533
10862054
74335014
47440086
90718244
93410781
48709719
28674702
82565779
31143374
66377655
34706385
51827285
41694570
42984265
82723530
43386012
81950818
87434987
19060970
22409830
47720021
72623738
98344141
65565943
10968617
36629289
56178936
36648143
224697
36737439
31323592
9707
89646989
87334007
95437451
2588632
61914141
26390953
2784256
95424992
46645675
81629950
53332427
3338393
42269279
3695685
46913408
72404113
70872039
80254938
78164496
6547320
50394329
10379016
64619907
95865496
76768938
13115639
23543367
16343361
4082834
83774323
54485350
41463443
39590863
50083229
14397305
23489974
28632509
91352809
72536415
72031726
12803628
58182067
68832277
53465957
60481355
34405462
91058392
66887880
49577117
56519805
99218515
65639130
59752084
29319260
43483234
38046299
78786043
5307042
69123660
75656276
14208930
41292967
33176374
89437879
57587022
89376138
67049694
56508459
41979949
73655307
33728422
3583392
27994079
794452
15912803
61522897
26903853
32882403
92026507
73977610
23944239
31170739
8530407
12919269
66417483
57222947
91770770
7459308
94655098
85194811
41845201
97378814
38242506
98709246
42294578
34362498
40919407
70883758
74341851
935103
66055531
39509929
38840332
28540104
4909273
65510890
1386626
62146172
69890567
95706102
28252095
1555425
64039459
70489634
9247058
75413331
37307831
18402545
60617496
85033912
12547119
66885047
99120814
95575338
30069573
37669209
49825577
49541410
16966138
69975647
77800797
61000591
31843780
74459311
24284912
1262560
72954398
52153708
10500966
20360692
94329837
60597482
77425440
22199433
76737738
76141064
91807320
27207745
74980850
17761701
45589481
84753956
17718326
63867841
60722563
18014512
35044838
60313667
28196315
75137072
35752819
13871284
7558908
94954759
25015401
30733554
87594196
31602458
71582883
30432685
21447990
83521933
93221373
25266534
33773040
67750833
40619079
92594655
57368780
24999040
88301931
83159294
72060109
19899867
80104844
11472928
7006802
17539674
66097720
59589447
97435483
24553600
10858582
46662890
9090743
74550710
43987694
74013845
31620148
98911527
33201339
51612490
12718310
66698820
64854047
72441624
61412531
97958480
32798986
80572707
89546501
97345949
34315324
40234795
63474917
5880106
78959060
11791514
59398130
27125430
21605424
94056483
95347443
99153902
65588039
18879740
97311646
79992504
6553296
1026331
11226112
41394680
42881720
13164170
40147647
10094721
38602632
93478532
60766180
76289170
61519099
81372022
86061285
21653082
81448210
38757335
66269960
66217588
50944014
71606205
37070990
36934436
77228500
7424079
93273510
19770805
20859118
32037046
71966451
46664709
22978850
64847901
12024975
73181327
29430740
13725865
33493570
45299491
7302593
23544148
24245984
19618716
32574424
92713811
48478670
41644006
95181010
40679135
15614510
79788274
55172218
18809039
45663479
98489914
75110638
45798948
92205342
18569148
74758119
31761671
55661159
2742414
65999614
41344692
26148054
17213756
79800078
41322290
78890781
78016977
7697447
79180547
64207672
70409032
84679672
3519142
79633268
37213680
6129185
74610829
97200548
29656157
71539807
85094836
57250576
75459479
56349877
59426799
42006062
31517999
63668050
60218300
1502455
36002873
69654287
14068026
37668267
87492388
90925126
29700740
14446306
43930282
11395924
2616571
78080040
68304204
68008609
71617326
42083081
17205606
17828504
34407912
64695644
19570804
77514266
64735257
557964
90138687
81541287
58267275
58581407
83073734
28155477
15857913
11134054
8853414
56681396
97592057
18705284
39578524
34233833
23034767
61280744
56347736
28843499
31122290
10296042
10793589
27935150
38360289
82505180
28196241
67010660
93226190
29315339
72173233
43311306
58659778
16058958
8030336
65538172
78350177
10199830
80648133
21470389
91730004
40120546
55953286
6388918
41340237
45922748
84162366
83136040
60531914
85026224
57889874
4718195
93005099
19681645
31792769
32402902
2379645
59079007
87745708
47324469
4888766
3104301
73986534
99512760
39839882
64597847
34671613
86525285
15767732
4564718
19736377
10545374
37822875
24905295
34665957
31156957
64151972
38446375
8130278
95467263
51117541
49798680
88083615
75923083
87673426
98378886
26356558
40223201
82797815
23290416
14803258
90983484
48665535
83265590
29395882
27884246
56137875
93119384
11312045
17336393
35644358
6925314
28428732
88823013
88042592
57271736
22045797
43016718
68204402
2657570
17783872
78578351
82332968
86499438
96026270
17127455
54958738
91801015
89948043
26025426
32733798
68078824
55369221
76074520
44059717
16669659
79940881
97045140
70895548
42815622
23552707
46574157
94409986
6447511
7117605
89628870
61072030
40662098
53543459
76459885
37514089
34822751
93192190
64812721
17387624
26075628
36452737
43475205
61939116
11980986
40528628
77082144
36189900
47745783
38960085
68983216
73069421
17180714
78382496
7738968
63275131
27508727
6477390
66523596
86705088
68454314
35006265
91679875
55319908
29256009
14844734
29901710
24583421
89725468
77446805
34658967
41453965
99346831
31118240
5128079
95151834
16745001
10913589
99318590
49259892
67930470
6599162
9149526
43962301
76192414
15905155
70342602
66428121
31792776
98531010
58210517
44247852
86854902
1345126
56496726
72012346
75772010
43296264
36249466
7161451
13256170
60653773
78197829
89869864
37114603
26270036
90554102
53208487
45266153
30487629
50700794
76108679
16109541
74820997
88208807
82609947
91789379
77742728
14689895
20517044
59872895
38339142
50412115
62621991
89909234
64521053
19622862
75613220
34685313
94353217
53104646
36322045
43490173
52051506
30738700
87297642
24992114
33248295
93902032
54335973
171954
86523967
24301667
22116268
20698457
98283567
54645213
51121212
9785655
36161639
29911865
71052561
20333980
27063683
88563046
19030473
67999888
39864534
26092576
5166564
86707224
879587
72495773
29648755
23827
81152601
18098129
93358132
94632370
72054059
50176023
62392871
20427477
82262234
8183211
88764019
66257645
35721860
94576188
69031349
84420532
11681532
35900213
46841178
57822438
38273862
58253857
85225531
17870322
86729474
83537633
87813692
75978334
40973826
1978965
66806898
8409640
896949
32895090
96885274
87307487
8384607
17292327
2899710
24025835
39066023
67791822
96298746
64609087
45683991
2767895
45638348
75235024
39265776
85434543
29570297
45607330
17711018
88937572
61634070
74619131
79378634
39276304
96850316
56488356
94138113
72731887
38439274
10049191
70829392
56160018
75636369
34885955
38171974
603398
95736162
42988727
6917462
10673379
22835945
87571055
34987112
54047295
11316959
16322899
70041810
22245053
41883446
42050804
56397322
449400
50276697
46596165
19985030
57991415
88984059
2027032
1877391
41191663
35189266
80949909
62353091
81347348
14785521
11149522
38068565
88683602
52837547
73737811
31595049
69260580
40270860
93665590
970991
79363612
4128083
31788438
41033169
12943716
70466370
43832633
64017205
49031482
34692370
17267812
78384958
22508726
59206007
91085103
71815975
28690928
6764192
50080383
17504172
61049699
87488511
39005266
38794476
14480587
34693096
52610205
15390250
94922091
66440478
89343392
71841892
10075257
85656723
93471539
18453217
72563660
89251567
14216556
58824408
59172455
5360680
1603363
65707802
49529833
29008022
81394881
99865068
93725672
76313187
21192365
87817182
49216234
71030811
95099209
39671171
84062726
80866045
63160095
17718287
77743875
96426643
11970348
50542556
63029274
37619945
84295586
45782572
40559255
78565600
9072830
9139553
94779365
81745894
31183015
53828671
4449946
25799513
74558044
97238566
32658541
19159402
92311741
32473905
53643713
21085784
31518024
65656323
30050562
62573998
86706751
2159090
34732954
59263970
60175632
45647647
54366569
24749980
25998005
1799320
516753
62547564
12565036
71665800
84583190
85700346
65455872
51244570
87002769
71363868
75620806
64105739
30521101
83525333
4606722
69370466
3787326
73019746
73243893
10244578
73300338
62382148
13482470
9184054
28516694
24652932
6439011
81021555
32074163
64834205
53439203
41683324
90473255
57246600
84305011
90834550
11545119
26827130
36392067
65379504
54178904
90062418
57542395
21987720
82477324
78493021
83542179
37714876
26344223
86319458
32942341
30949956
12542008
51331836
87475221
69296529
37748523
9405286
7762872
51227069
7467594
11556784
75913239
15215050
82371270
87284177
18572117
49318534
79205817
83312987
84231244
22731231
22281134
82970317
17578589
41645
17235061
81254918
53736016
48996018
64217434
29308141
37302857
73612127
83736851
95821105
28120786
99963059
4984853
5335222
50263249
89339371
15563712
1174365
21386634
23786909
45261572
77294283
86718407
14240378
4802494
13845567
15244161
70337260
14734234
67365791
86798734
8249358
71554607
47686322
59192230
80569159
80592457
71065647
8269126
13038542
99145693
35468547
37503079
36068439
20928846
26327746
94528375
92538836
79573251
7962903
33780110
45447638
74065742
14219883
17726002
34987087
92465869
45817979
81008199
98969518
12140323
36984769
27359847
35560979
99643997
62224054
28227789
39466407
38874675
63028695
76830063
27304271
25869411
77645175
68347431
64836736
16154218
18586424
10206538
11015442
32637639
59582067
15778528
80150417
76575450
13711420
96718151
69491803
81024975
93725478
73998077
40627646
54950958
65020099
10374123
76951467
39501195
13938157
69181634
36887435
71241124
50548805
87387322
60193730
26672083
94033223
13808242
73843858
41640770
37995413
75648834
69135900
55040388
10553472
45251723
94085165
73515176
94472947
22465307
72582884
53765063
52996376
31933206
93430820
61451521
49367271
89361052
56011452
69888206
82971357
50874837
13869857
76969386
21038281
85647517
33716085
94207938
87616749
70724649
34228062
71379067
77034748
64960085
75995550
4176060
286039
30019306
27589519
57012845
4769148
12924899
93845667
18607969
95412996
75716876
14037982
3117635
97003004
69452241
1742477
56556511
30998204
33487787
30084695
44256618
75334509
5664061
68902665
20998458
43691970
92119171
31522672
88637279
73075864
46563815
37820116
17608760
60632109
3260587
8389014
95523181
15229736
28996909
68841520
24848328
46838109
72977113
40434949
26396267
91327905
97002570
63445526
88599346
9110301
87875738
56858437
14141380
14110638
6336069
2174552
61986154
80061049
89995302
89807312
26804593
91057029
49664235
94344957
20402349
5233729
45427095
23803543
13072492
18185671
80226812
93001838
50488829
35703989
43619215
60559876
88606527
42519219
85372193
23301496
16286513
10300903
91529502
34696784
11364869
37231151
50137871
63329113
92823770
17411167
29616344
65666661
29598397
9438111
70171262
41339203
39005574
75233411
44697115
42813649
22990414
66391265
48866772
80618281
87602708
70143357
80002436
58025472
64705887
2317836
77327018
96383399
58422414
99546187
81487069
92926214
1525001
36433309
61072727
46456019
4955806
8552978
43002821
55560060
5639912
98257268
26960480
26645093
90917724
30022296
25254765
48131260
60784857
19536857
29972199
6079592
10658165
17314837
29740521
14413733
37429656
62291789
13854558
8888989
24822951
79716400
93471851
51441628
95152581
60217022
74215984
64102796
22464595
33686997
16766404
83049750
57622009
66471653
95005312
99307330
66059929
36517329
76233480
60301629
17939954
56451171
85286603
49658716
84712779
6342225
2638977
21199297
57934430
21280228
52597280
69698234
36420712
15527281
98742014
98214382
22482700
92820989
37436393
14089598
22715719
77571816
5783646
33489765
15647237
65616991
48267207
42584088
68432684
8481202
58972830
91045052
76062232
49309757
73961885
9424821
97879822
5460991
73947351
83115589
18966660
56487442
93490674
71653820
20878999
89333431
87697671
21440446
52047235
38606393
3807181
1478982
5268703
27113477
67112376
57375583
94384661
5487775
444854
82025876
5512313
6607956
43767306
66795805
10322481
4003733
78322394
40523701
33036144
67757774
29088677
12894573
37420013
35075586
70766462
90596811
37267927
76393119
31839502
85441015
81459719
97027959
42632427
9506611
40425023
59105110
98180274
27603662
8478764
32126559
86660320
29877264
79382274
32279631
79962223
74572831
15348169
1577532
26295529
97278685
35486099
62860425
51412758
46726316
10014264
46582195
20988143
87258420
59751210
22272502
35194197
86491193
66115015
289449
29428795
88113129
17928800
97015116
23988567
71126822
46768426
7783701
30918769
25101318
31496913
22432080
63552577
67776590
49001619
26704330
38837527
87299174
221135
51645135
53727629
88229788
46571861
90740544
78820284
91486322
66570373
97497400
77068618
90080876
59464848
6517716
48457836
47102876
45457331
89267943
25115022
20800114
46548755
52701449
35002608
27689699
38571082
13648426
46686558
65349478
31179647
28442270
5953742
93114607
68149557
83829216
85012979
20563290
41042203
54613820
41487131
81238237
61625818
16299711
81436902
27007173
36539460
91540632
46796233
27029464
25115914
94925503
27570775
44460294
22123356
50722871
35325989
60058669
55223555
96707990
47330573
63414314
18073897
5018409
18611718
5135319
41226135
22574563
82427433
13873838
44716367
85660038
99972733
64428427
91124955
62048658
70870745
56601210
2692328
97884497
1949646
3980010
89226373
45136876
25292047
9013220
80218655
94494446
86352438
73978731
3217352
40948966
87910419
87815783
17242255
76949290
40345597
57228338
50563713
22703391
32194256
71309323
44103346
85302675
75902480
34360299
25698277
52511541
3508109
65659275
34806094
38343466
20225763
90239235
78360492
89116878
12538293
37985519
63087085
77673171
60116439
1903512
18709372
11440985
11935471
37047147
48434570
47473661
71267726
14922253
73897652
88200091
81206648
64407437
60668038
82115256
19107258
87100849
6034040
10227142
82789344
96470900
45338238
55662428
1092552
19212664
63062057
26550202
37756199
28856660
95381114
18290247
4958059
14096793
93383003
83566896
47009024
99865934
13444711
39987042
71627783
77249106
91271598
17244128
21365255
71118252
36341563
7748277
55923107
44106099
8497555
39344271
8552799
52078570
92986744
74870837
66589799
33421413
75379644
82325644
43073168
98623058
68102439
25717130
71220830
89612295
38766516
24511879
8442814
84521616
68424646
14195282
29020118
96969866
39472233
26300207
79301365
1937829
20229865
90836844
74951996
16809336
38023058
56080275
66856088
42013913
67650101
46836728
38299682
81883698
78487108
86653944
63347077
33475544
36116101
25719236
16233410
30453113
81222228
60515879
63133145
50591750
42716079
78029725
11453881
28201089
41797114
28185580
21607716
18040716
63638723
53451807
37989409
5808107
2955768
61824020
4887331
1183727
26688125
66450179
25929090
9728789
85136230
73156393
80814985
33439184
55660518
74617695
6971521
95658188
67461789
60971046
55592182
96930837
81012919
24920687
16870239
87163403
71946027
35281531
14843695
521456
28119396
87283947
72058002
67163588
2338303
34809706
61601793
20633458
15278391
16481139
19352266
14031582
63388215
78355716
33696093
35763155
39160483
67809059
93160802
28640065
5754903
10715695
2705994
88085622
29470204
10386361
50490478
47349093
14085597
46929890
90780994
97252204
6162929
7045012
85577117
46302095
54681681
88917316
82052170
49427612
82730905
48612404
25321076
19154983
80167786
96512647
25311040
49105054
27749491
79470573
64336055
40865685
7968905
50691185
48980605
71970023
78135247
1510816
69384831
80423723
21068859
77782472
76609685
48123825
95755282
36399909
28303896
95667985
82755998
48067385
76982966
63780058
17543929
73116692
50088904
9140469
44165324
69576644
1479510
85097827
22191143
65204764
68254889
13554064
70493172
67318389
11877314
40965110
72244826
19378057
49910217
26606940
14187926
95847211
7330156
49817329
36362415
70785542
68156354
97214753
71855702
34814514
16025417
63184080
68367308
73649171
26736123
19030545
8225920
44261031
85989790
52168534
15128001
51788430
47187512
71732122
60921888
17434057
66808445
55130043
10149719
60014974
61518794
4792572
26029396
34812783
42514573
56615767
41484559
29698050
57917854
25442316
98639972
31991508
60818928
60062988
58113049
66445487
52903278
25191250
22051134
1451021
44914948
1538396
46782180
8100020
91317814
24101052
22504300
72671689
12179036
19869856
64964563
63399194
18273604
74226043
40527057
35964701
65673535
16786804
64946450
30747596
25705264
77707814
19763717
41337439
93415223
66541787
85051927
28785383
387748
98126100
33955034
83445762
38798219
24813393
21271559
97434397
58497526
99366771
56849881
96160177
4733765
19418338
64177517
57171602
30621554
25150767
66416386
78275906
16831783
67050269
81791218
64727527
61076193
3888267
11732660
71023210
39803113
6564295
28750789
29784296
71707134
89747688
56318957
26290023
64511592
48759800
45186403
99660842
5459383
42718521
69145458
18988787
75942927
54041689
30182246
5481609
36309976
83439683
40257864
73418528
29873604
12712417
57465838
79280505
5715072
40616624
26403852
63623910
49409714
22335767
30088757
87572420
27604725
76043034
97927748
52644177
9545239
37929733
72665983
90958879
55591127
70523916
21410030
34367008
96851406
50486103
1812047
41084103
64917665
20297737
74009660
19820287
22720048
65127925
33518898
23722581
87946073
65559627
3001366
59701291
31000676
44382475
15951682
15963435
99446660
73835984
14066996
55712818
21764113
4218851
29474814
69494685
55436364
67632865
83987846
93430721
73144424
18831296
7618702
47269737
44456946
21095486
23815686
64638300
22548642
80407050
12753606
57879389
72097752
97208943
46070104
15614849
31163726
98029505
73475954
35470490
95599389
91888307
47915809
39340707
69920215
52808535
83890564
68557631
40379293
17761993
65380547
27296228
50995129
23723534
31892123
98736973
96278846
88296207
30276055
51253798
25499688
82802043
6157775
7962745
78757071
45595308
87176545
10919183
54040681
56880907
52636912
29862858
76151113
40841305
68997401
1813769
27144892
67476472
71950227
11493714
64312926
97806552
82234249
96658237
93202223
66425758
69060426
65240953
2558762
87450271
95409160
85084327
26011961
60240041
79589379
3478631
12099235
53066419
59686303
57593950
66986671
48253646
32261756
60132138
23224692
55127438
34115063
77345157
65246625
73486349
79034838
39285522
82600501
92582783
39036400
39339671
30746204
8643998
34236681
47829050
95969010
38937215
87048425
99390156
52538888
22217152
5668950
8430772
99339230
59599787
8839741
82679521
6062825
77267964
72958868
89421504
80276057
54358545
70523937
24667017
95918127
92904496
23982783
26404803
85728142
79263530
75159497
78457052
87607846
1298785
9338
94582406
92052626
5037364
18173772
48401166
14461416
22924937
72868937
92239512
879936
16474749
56459984
74389966
33022855
82810031
78383003
21725922
31839040
16436177
36804520
11387414
45539663
55190687
72514114
42272760
7054072
31272945
10991113
28444763
89171042
87402778
20016400
16122849
69526788
7068559
39493065
70868183
10637607
69784356
82594409
8500946
1048437
9481084
69933408
87592899
91893011
46495118
51573085
8291909
92785837
2909462
39845740
18691878
15563065
67070983
94760396
6411247
43585553
62802899
44353982
11743803
31457687
84731014
51181751
16603245
99025115
96766181
33099683
60744645
20941385
10528768
31714371
61975889
36187553
35107979
96439163
50574378
84617844
23770149
64148397
22138102
28077128
27928941
20425308
64612540
18745592
40752250
63637536
99855041
27927291
68449726
13789460
65185202
40937702
45874092
1899235
67092082
42369016
42388283
99644579
44314030
12146751
96417961
15150811
32303571
13639189
69093014
82897614
38507748
85312814
58361280
32412707
32792715
35457412
39826497
58569389
70297509
57087546
98532604
11315814
35890894
72138488
37156768
70419657
57562907
13725012
75137460
29054779
2224547
84503931
40919985
92092821
87663494
10021523
43660765
39629602
30975605
87269148
42678804
15265781
39855144
26512969
69412150
71570555
86494179
10991480
42742688
70707303
58644119
71427577
32670771
32269653
23367946
95674780
65691932
72723725
32018593
67764549
7394849
16764943
62776124
72177516
28025105
60800235
12607867
1186231
48549907
33522186
4670482
85528127
69710877
70112612
23501347
50802905
21703647
64691965
19156219
33787713
95771125
31502804
85727943
68960544
22337194
65711390
73420711
92474844
55086396
77591234
93127533
1344685
77168329
99561987
76861945
24896776
73759050
75473715
95922324
84042558
58061492
33586335
92491680
17500227
66265347
14962685
71643899
66428657
3505857
17307045
88174736
51844384
71788603
23849448
91708683
62613878
67888864
88988175
87781133
87388915
46066474
21021552
71906393
98816075
61025951
13960399
78961308
77371782
31590191
66649304
50943479
28682278
72797428
46374806
6084589
59264642
773912
33277044
59454221
83306330
82765345
9938962
88967153
24833839
44844379
76242535
21363313
57683487
56097633
9827635
61852960
15466676
5601133
39699015
95998929
16483424
65683450
68172478
1324178
31617041
81533058
18635477
24932809
26357279
45740922
83465049
74421073
80268032
31160604
71613055
96928492
31577229
78520753
5205604
56006199
78834910
17731787
27248060
39354537
76956010
98628702
6594975
35609090
36691801
42661867
53739179
29054013
27949052
57670455
55338351
34438075
24228337
45031257
52057640
32999614
21120977
29481433
51417991
39823896
36788092
26952236
95018822
33160343
12601424
15776958
88341633
2252517
2365929
84358160
71208058
27717675
99993688
17572588
22760063
25783956
75990132
40501040
94145122
60677640
162003
56357150
44191262
26427950
11165984
94956928
3020579
88499496
64904424
76432925
42645345
96881752
7302236
73740536
41368572
43507918
41367815
40789396
44470816
64989955
57927669
31832562
797374
57964616
14419891
94455577
72515123
34305926
82428060
21890027
57341648
68644226
1580506
72828375
88452939
38548065
51945316
9844930
15336775
1633484
31746716
64390934
7000593
56974388
9175001
90329962
77592329
4956142
28169882
35179784
99031141
85710404
23072279
86330514
12791656
36158191
55520594
10005204
62355041
7630149
76957664
325010
75737246
69998752
54542813
41057597
3035758
48658495
58712227
47397887
75986430
27772021
89462862
3060952
66832944
35390236
14283552
37403300
19640594
41170644
22330356
23308421
30674363
79258882
53798205
84049245
965661
16364022
98072005
49362853
92497243
58021060
33270995
3974698
93265520
3654059
82814796
83525086
71665480
67608879
36682552
62260325
51020312
11520010
39473400
89729465
86925954
61531671
74623679
44719546
59728974
85483780
65556996
64995532
51884581
52883448
20112097
63295635
16154746
35655455
784142
38031959
34542125
76713043
61373236
87742076
32436199
76794502
1149288
65008814
18820337
91607578
87632076
68340404
21147287
54934784
3610547
1672492
44593409
11250707
48284615
65865744
3451360
10696013
62946744
60086723
65692414
9499872
81540772
60933537
51395536
18174185
53564407
35234632
13772566
89159369
54912702
61490614
99650118
86653769
88211007
85919398
51578717
42683227
7291861
78335636
54875627
68029353
91371301
47550201
19010170
69849666
89696062
92267051
39260032
24989901
288948
5851121
62394623
16980708
58292494
84717567
65151677
28567680
55460996
57647327
95768687
52616642
69799620
528893
30196613
75790248
60029235
73282082
82205909
93350363
82161724
74246613
57287535
82598915
42285704
39794585
74611833
8368396
70280778
72593897
39023242
3841632
95378509
40858184
51432241
54266045
9250104
18695704
93745634
2569403
68741435
78464615
129674
19233174
96624743
6917081
81152541
60053350
25770873
16687456
52535935
55188029
99335600
72981838
63692552
55684722
32051030
6736130
75275109
33423354
33700624
78970420
69486224
57257874
45329117
96379191
55368478
2969774
36059285
76544164
29704136
1276560
56188737
51268968
82550670
3686896
64307540
91767982
34805487
25437242
99208944
60414612
85472363
18479498
99033582
45647437
4476221
86943147
75467750
88497072
27891963
84519598
87835760
43376647
25870642
53850403
25620910
30710978
81201654
36014470
87183438
48569298
8375014
69192477
85104247
7727043
28417720
14745631
4729091
76517020
62666341
22168651
35669269
14873795
38535580
3327056
99553233
58278660
47752538
8025387
14894872
47032874
13501158
55297172
20802634
75620097
18784690
44981301
66029868
8103547
87764708
84550675
23896614
99771637
64173055
98562646
1161753
90406695
38806929
69344821
42522635
42555262
35543732
57217515
34190455
41638922
84502034
69218484
25730936
55391792
74730647
19315384
27418340
20772831
31614367
87590061
17620711
31870758
89368529
32471176
23959665
5281015
41433143
2981748
54420544
36777461
82784616
59933766
81281506
80072608
92842436
75801392
25376277
68066348
72069590
46513570
67870605
79526083
81407026
95382762
38745094
41355453
59081236
34259453
43594691
89155359
88027141
91151899
96940214
37890790
81021359
34299560
22583641
42980487
49379253
88295466
39908358
70810824
52376039
11043439
30099822
38199198
23114177
57334838
46958950
8611171
16029193
65261696
70715593
82238840
28541221
72778160
99001043
17691655
66326475
1209535
40148214
33792345
43410330
61038790
13387822
10909141
14184926
3255143
6199578
42273795
46005977
41437446
8463786
33144981
3272679
94487150
66662460
99902820
29842594
16169501
91752734
39527109
28436906
83697763
51940142
9531785
82706263
80461113
85839335
19374429
11533222
92557735
44178046
92759697
88685703
99952181
81231246
2506193
73044566
26955110
26935398
18515143
53305250
61123332
13282666
95465198
86597401
80253256
80862412
61780207
56866410
21263030
48054695
61594084
57780665
64331937
53084146
5832681
12842437
1376759
84147854
16240997
79223850
54002684
60271199
82664633
90429359
93152790
47195185
46447256
19788924
49263105
83129477
77553568
13441064
47286363
89685682
23974305
5488031
34995390
51700609
85962149
72076111
92529189
99846896
61262300
76814653
29824116
83275097
86527983
32556539
72514112
58839028
19801058
77557246
76858550
84825999
37455175
96043933
53738670
17341264
74435089
23950421
23612009
91332097
45399926
33443089
37851038
72784612
48866954
95281076
54858910
4527387
96518427
62537529
67736348
72988999
59112390
51166208
5833495
96244331
53078394
97974528
7074184
45538369
14214099
41131532
73605004
39597600
61401240
13598865
64487018
76703782
62110246
8809524
75970477
29474441
52503367
48441110
82003517
26259581
22317634
13508367
67212636
36643912
15393545
90269267
27382561
7241329
87196201
49237143
4662384
99006335
22333496
63419848
81018343
885067
92385085
87591950
73118981
39637017
19119024
85278546
9583870
90368753
85516225
40311067
47055702
44519743
81388902
49750532
83480519
99595528
33216347
89411480
64210652
18260623
40785519
28139014
87952780
14454044
76941306
83198445
51266536
71034858
44318752
96251258
21217386
24374182
92418683
75776644
32895790
98673423
3635540
44923735
67602129
2565302
26656835
68736265
76995096
19026151
39613189
65830598
25218982
66428024
68225730
5133043
10093121
19988232
99140372
84669833
38693673
41373870
59512149
6256192
91423251
93908004
96866164
440643
62111395
80989976
35978884
53755774
38612642
32752953
16007732
91166313
4294093
53715603
50734905
51367596
97735132
89868540
25210382
36386185
61253534
10890625
948132
21412461
55570446
44886041
51725237
27969488
25879140
23362398
83559144
40481031
13974413
2710181
6907147
7038437
37129391
96297913
6900310
42642009
26855115
65177780
13907380
197442
352471
12038585
35735597
79685028
25972614
36996701
78324464
89237641
2377657
97033540
11948253
36622156
55204885
61055994
63552744
49850452
21026080
10859040
83372083
12007864
27765153
89696776
95479522
37275836
88641269
25664068
35504609
36279206
11222551
2235150
32185953
54368836
58459854
78051981
32143038
4903257
71583950
36339904
91977635
70548888
19519044
48195442
80757713
84164035
78618621
1270881
47601417
27049448
34432864
63852219
85765445
51448684
404115
59315633
12817025
24573479
9175407
20477845
47267211
87951841
32026231
11305235
6280045
3972739
46414575
73089347
384341
13161815
69605759
84890305
43220316
37823488
46114129
1289937
61933754
79279137
99840191
33120406
69669164
40273275
38235138
94130829
49811614
9486792
59334305
98596411
14819887
34478594
94275814
31065440
16954348
54280206
68134872
89339910
3726677
54694671
11805262
8385901
91915437
35144991
74153377
32495772
36414408
56313656
32566049
78514302
66940132
37092660
46491504
49123990
76980806
19806548
84274529
40783323
57815096
16411497
56351768
1882347
58120451
86310994
58391301
4432352
53389784
62738044
83362284
34287679
71456312
38283442
88326115
46659896
6195151
98845766
88691106
27646244
86038271
90418301
26205834
41972405
46890767
65953753
6703993
63325933
19232054
37657493
41280685
34235085
93042550
65001174
54690327
59491077
66302177
90790898
63130124
678188
96236229
19526254
90882867
10108710
58389259
41531428
64930837
64637002
11181729
91924467
95324053
28872330
72482984
80898095
21765320
82622028
88854062
38131700
15201393
94175455
64488268
65630985
19184652
67366492
78867862
6084412
63751996
25574202
83539068
4395485
81182221
13384932
2689795
34038130
69133305
43915448
33709395
82694127
3052809
49337463
14827526
30741475
71816711
64912529
34321044
83794791
51060835
7741694
13458430
91753940
67837004
69431802
26735528
34791623
53208026
68802160
6366827
40793468
89507018
95406156
65556421
27297525
85261411
12194154
19152292
80224385
45070796
99910692
256753
56773579
57369398
38233956
66063966
55765680
77926794
38042100
39595142
16706513
21621432
78791273
27152882
72844535
9428149
53962866
46570015
12160324
72569850
3112991
28381555
6922527
86791308
25174908
8171385
92416144
3270096
21204169
80227474
64735180
52923815
50493713
53791711
96115470
36131619
52948740
89165300
97976187
10022448
11701559
76199486
78352014
88788280
27366043
49508735
59221562
99330683
55676468
98411190
6339540
46475040
83043686
39966198
11137316
86042099
6903084
24357652
94766758
57054959
33130808
69681588
64523583
36678018
81884003
65744431
6046935
46603281
36246488
13732192
24136237
5234238
66476337
95033613
34736780
87528119
82967876
22467157
58313343
23146544
27646469
63239137
81010567
22880923
57985105
45046983
82582090
85037654
82466625
70824897
70551483
24618324
11501931
83631185
46110744
26934303
73257241
72863491
20402736
64007583
21274249
65029064
6722758
93588378
13443031
60410171
54346213
27116383
71630231
77700173
13784029
7329557
18371523
73273491
64551750
50197718
20207486
72786737
87488339
23166884
13808108
53696035
60686827
80463250
77374422
96703652
9686575
37912917
78018310
9966019
58388757
74742172
5656199
58175461
56179516
29859194
44575262
97343582
97503327
52102844
23982426
24500222
99558352
29738407
96237524
12590595
25535021
8844332
37700512
87061100
13289943
31296566
26951416
81212470
22442531
25621747
8215461
84482830
68713701
67264980
96025837
70842053
58727823
58481455
38711369
89478028
53754159
24445816
20912556
32780318
84841117
94281867
62019535
21215547
75642653
35114260
76113762
21397052
72251963
1951033
31363538
1912325
56179418
57129205
51939931
55980931
2871807
979453
37535354
401784
30899321
33285129
90608504
44046520
10783855
88476929
40036914
85604976
73804044
52400399
98987188
98045427
23050353
43396836
70477465
57215113
30436488
78160490
78034875
57037325
12416595
43520613
1015518
25381861
89175471
72917522
16836769
86344317
25101352
26280585
8204363
81714819
47420116
21779574
66964165
75378325
25348588
74915836
52093445
61245688
56731274
18616409
83367768
79930094
71395809
45098755
28473406
18788336
27662317
72041636
2667818
89561972
3672293
55703932
53375834
80546850
5812312
87990530
19928403
92428367
54415485
42386295
81579008
81974180
6592444
45518412
37214761
75778322
32727439
76419018
52969418
25223259
64916626
13967838
24506223
91236666
54562617
43754432
58304733
55415626
9406594
28684651
55877504
83049310
42267954
48718422
7549147
82302800
12857291
79289493
79011346
54483438
44418577
61589404
34005490
33219827
72415449
34690944
99306894
25497452
89900562
6739285
57288498
961648
56896306
21446022
47095360
90437252
67528449
78493674
81600579
32995595
61192063
97044094
39839107
23128988
6096672
8502862
97474716
21656350
2679672
17620963
62364522
94816689
714916
46927366
47154228
98389115
29179822
85065403
11773813
2553735
9803547
73638285
44425448
79248918
25075012
76630938
14395903
68108367
64864717
13297079
27476758
57375045
64030735
93649191
80311144
52735711
31548257
5614782
41156329
91589317
28048894
1337564
71904197
13152082
48269304
87851706
47511724
67969395
8841108
3086982
77664968
62471266
63717124
61880081
53029270
20757999
7293328
99323448
41133689
59121196
53886137
13008736
1767283
9747573
21692466
19081908
54135700
30357999
61569666
90346848
48206309
31943253
99577197
83056641
92802139
63336705
61118677
81299440
91175301
76626185
96011029
44306515
57526626
5088115
98172031
50659701
46803561
58849219
38081559
85054817
57057742
60925835
63299610
72607100
83371556
86503343
57715329
82936884
36909688
68175856
75772471
46454732
93322666
75969479
66359200
45369294
62252332
7303720
74625387
81167261
42333751
21261280
29382855
63507496
13982404
84756949
20437492
86417973
52939541
29687235
3098240
91014356
83318308
74124118
25184781
279143
95797610
224718
94192995
51218176
73257574
50180183
6248471
14417157
3099262
74445592
68536019
36260301
61189981
3006057
3571058
50788151
80567041
25577611
39018548
13575921
80545414
68648877
45520561
92078252
66164841
4050582
32895353
57262179
95345973
94405807
78077144
10961350
99820122
97294700
29233260
13917542
25403152
28333941
50219134
34846886
19717756
96226794
26150879
77154507
42111222
27998355
60661767
10275807
96807957
72716185
54819756
16455821
32055721
81507093
55715708
21704856
56445592
62182178
6103092
74688025
10648312
74493912
57367078
89063285
95180194
30836352
80806843
32858889
46953730
83394846
10179505
41284719
12978432
19648398
65439631
23258372
26880667
91964375
94102815
22290787
30409396
58318108
94395217
34121711
63917674
64256097
76600085
40856084
81158251
89339033
26542073
61450211
36706786
11910939
36439905
40540373
72934811
19230842
81099277
18119729
89028626
76621731
1001056
11377436
18734949
89669361
82280745
39851054
25426124
32616772
34162390
73592098
41633447
11867749
99719041
8393296
20714753
79250037
80242753
78369535
68469300
61183018
40427593
61648647
28427119
97632178
4852933
88146463
54000153
90454823
18961810
73481304
45998582
92266272
71457854
77310655
43418704
61833148
76109732
40583797
95129086
93278208
74137640
68244536
65458751
47362388
7297199
19687663
21006296
3490872
74011999
80767410
2034912
69301180
33268321
30440604
21984701
47444606
37795901
5333805
91747865
70890887
69639100
16446504
73049929
70806097
10513638
65286535
591696
13942954
48131184
89856782
90242785
9441057
93914741
97033016
819215
56155718
46831503
41091004
61211752
98904895
68714795
44285338
9381303
94252646
34347068
12524999
8112064
69614636
23258733
7364067
18414944
14178918
97235643
54411114
30077629
55302312
96402058
49983958
92613127
95561765
1134207
73400684
64039796
82265774
18134684
81755912
44830661
80311465
55585509
97477090
46605419
40985485
68935349
28588071
36917434
9105202
45352069
88018981
52463836
13371202
47690353
35203173
85450908
21660738
99033624
9667098
54725987
13875625
59550851
4987577
86705026
76977475
49439884
11260474
91634881
26643496
48625491
85686243
56207921
56830991
58078944
89867364
98859994
36440159
76509071
88321853
70643388
19396207
39927298
56748457
1590956
97710589
53497216
44513712
80172934
75765329
39183644
84887802
78867311
34978300
74331729
59903977
15255356
51326884
75058691
99598904
38147802
32961814
40251242
65366101
51825860
53552540
92899476
96238140
97121261
1126801
23389645
41498662
18296534
96137824
30189364
97613568
34080532
71958392
1929161
28075301
49165960
89531676
50982701
11590874
50065734
87822582
7450864
50374875
6446338
21778717
76150729
18516317
82666397
60705561
40280187
92454469
28966456
29871839
11022795
98381836
49727205
98641071
22166142
52301640
78597235
90695314
78064377
15514497
45171173
19443736
98890403
89924017
68192150
61196835
61123600
82282779
79245258
67901533
48150132
10292198
62826506
30061309
66877087
78648258
73214894
84962229
31572621
35083615
12088004
16210086
93381086
23247234
87839187
5794806
20778240
44525361
17073725
65610301
10958785
24738248
64237193
83401864
23288811
75127253
24057138
49717076
743415
72116779
96636943
82448442
14085653
71549072
14440771
26451936
32204038
23363954
30325424
12730461
99434240
22796045
41877475
98159331
39420412
65687891
80019444
26410209
32530057
70443095
61287797
91618972
12219390
85722214
24124994
73925466
52799704
46937673
63115709
53555791
36883241
22800825
50014707
13716124
92973870
76760736
43461981
51217791
27324876
88325083
44617848
45025180
28593458
98690502
15575221
84756519
42355111
91040348
81412811
37376803
80043729
12871458
37322167
48160407
83783385
11151117
39259865
66084573
16380708
3449631
17680175
74091695
54588055
13836262
67807657
8366201
89017904
92601092
29385612
87611193
43143605
21485533
18450075
23367178
14976052
75870
46072596
36937450
43508039
84552719
61373409
56324747
4497198
73721434
74083307
96516677
35612689
16485705
22470383
27796941
93566388
30961931
57870822
50149390
26349746
86554306
84459230
80330209
69759359
40726319
95035403
10096200
57612160
55386733
73656718
48376246
85950784
92802641
81081940
34758414
42756207
22561747
19172564
57822537
67788166
57229390
21025928
762007
18148952
64659590
56257864
16549562
96782481
58349672
80123524
15544317
78731655
42130327
33463566
76227457
35346410
98235660
79798590
57614043
31533232
28694910
15499871
12854473
71530972
2602582
39404042
70807939
85682216
20815990
23919538
5646141
52543666
22945470
72430786
81364153
66302784
34970008
92182243
21472967
57593240
15280847
40743291
70224464
14855555
63934644
85708691
80734955
82456563
87285299
43114304
14936874
84503607
55553701
53444796
15209572
39318365
29063932
39638299
94785081
44108129
88799566
96198117
7491915
16055191
51637192
43334137
78320179
47436942
91203097
56045700
33220083
68001275
1723226
88304285
22654136
27636361
26885850
95865407
238037
25667632
57956966
90506063
49911237
93885867
10210640
79624429
34485456
80641622
94990726
87735291
79221261
68667935
95544861
35423095
16296217
68323362
79964000
69775304
11502185
2697917
9266930
7976584
62607220
49246418
13621332
70029525
74760478
65222782
17046206
29459744
2206092
40700746
8880882
21769683
69456540
42659573
67841048
37995018
55366964
18950905
3786924
97152431
58940138
360969
81946487
71175969
74571858
8712872
1576619
50312086
29762020
25877416
38213053
45493524
85549262
11049372
68437900
78288935
8360361
14143862
46455474
9333577
21023863
36463982
11780052
78852953
23997259
16390088
55567024
40512635
61090765
84333769
66415717
98476872
63425445
1461659
88036555
40346591
17200206
86650326
68952559
21724702
29300004
92661413
98802609
82792566
46531719
8776706
80259675
48814581
47298308
39403540
84732843
70483274
82114858
21092237
63352660
69316842
49188980
70780939
89513776
85916913
12129037
94740850
38613296
17918310
91595184
36246158
1514713
58110743
9999438
29250932
37029824
66153599
87236884
44286659
59524557
27681605
77813346
67007390
9896886
18858520
50612583
35278556
70392816
56627117
25237155
65958979
72063264
15921948
93532135
47979952
39392381
39707017
95067837
13587882
57665216
39934196
11217947
28577091
34187841
70368620
88597748
30301929
19935709
97730037
17626978
