

250
1 9176
2 4864
3 7895
4 1283
5 7401
6 5696
7 7881
8 3896
9 7092
10 6307
11 752
12 7944
13 8844
14 1068
15 6112
16 1613
17 8618
18 8097
19 5060
20 5014
21 9619
22 599
23 9667
24 2303
25 9639
26 8743
27 4123
28 678
29 7374
30 680
31 9870
32 6585
33 812
34 1006
35 207
36 9966
37 5464
38 5900
39 3819
40 927
41 5119
42 2109
43 5752
44 5622
45 8285
46 9788
47 3842
48 9674
49 4718
50 4624
51 3496
52 2351
53 5380
54 6135
55 3649
56 7836
57 1596
58 8063
59 9652
60 4568
61 6693
62 7884
63 8342
64 2587
65 1024
66 3384
67 5480
68 2163
69 2533
70 4162
71 6115
72 2913
73 9761
74 317
75 2099
76 4765
77 3325
78 2442
79 7313
80 7873
81 9511
82 605
83 3475
84 5016
85 7572
86 5707
87 7006
88 4308
89 2514
90 415
91 1550
92 477
93 6874
94 1618
95 308
96 6016
97 3799
98 7535
99 5477
100 2092
101 2906
102 3270
103 9288
104 7864
105 1900
106 8152
107 1865
108 9687
109 4170
110 623
111 691
112 1406
113 6231
114 5188
115 1213
116 4100
117 3959
118 3528
119 8031
120 6771
121 9008
122 2476
123 363
124 4902
125 14
126 7830
127 2864
128 14
129 6937
130 6481
131 6923
132 545
133 5180
134 7265
135 8534
136 7003
137 8789
138 318
139 7793
140 4998
141 489
142 7515
143 172
144 2184
145 2016
146 4295
147 907
148 7793
149 7824
150 9670
151 6420
152 6365
153 911
154 3143
155 4421
156 945
157 8626
158 3959
159 3554
160 1978
161 4890
162 1633
163 3739
164 655
165 5388
166 6271
167 9980
168 1930
169 9995
170 2109
171 3700
172 5021
173 4215
174 8522
175 9852
176 4914
177 3121
178 1362
179 9060
180 8789
181 7958
182 7186
183 1443
184 3548
185 7323
186 9464
187 7151
188 7572
189 9608
190 1918
191 2866
192 159
193 9467
194 6119
195 9684
196 599
197 7702
198 4955
199 8977
200 9041
201 5786
202 7287
203 8797
204 2852
205 3477
206 4636
207 6805
208 7070
209 4097
210 9660
211 3220
212 2084
213 4354
214 6323
215 6073
216 4495
217 9376
218 4708
219 9123
220 3697
221 7120
222 9061
223 5091
224 9109
225 9731
226 1454
227 1662
228 6204
229 9613
230 8044
231 8358
232 2942
233 7720
234 6950
235 9205
236 5947
237 9709
238 5729
239 9581
240 2527
241 9757
242 2175
243 8648
244 563
245 1078
246 5944
247 7239
248 3134
249 4896
250 2397